function conc = earm2_embedded_init_conds()

conc = zeros(76, 1);
conc(0) = 3000;
conc(1) = 200;
conc(2) = 100;
conc(3) = 20000;
conc(4) = 1000;
conc(5) = 100000;
conc(6) = 10000;
conc(7) = 10000;
conc(8) = 100000;
conc(9) = 1e+06;
conc(10) = 100000;
conc(11) = 40000;
conc(12) = 1000;
conc(13) = 80000;
conc(14) = 20000;
conc(15) = 20000;
conc(16) = 20000;
conc(17) = 20000;
conc(18) = 1000;
conc(19) = 500000;
conc(20) = 100000;

end

